1 4 7 9 10 11 12 13 14 20 24 35 37 39 45 61 62 65 75 77 79 84 86 87 88 92 95 105 106 116 118 119 126 127 128 130 135 137 138 139 143 146 150 154 155 158 160 163 164 169 172 175 177 180 182 183 188 190 191 192 195 199 
1 2 4 7 8 9 11 13 14 20 21 22 24 31 33 34 35 37 40 43 45 59 61 62 64 65 67 72 74 75 82 84 86 87 89 91 92 93 97 103 104 105 110 111 113 115 116 119 122 126 127 128 130 132 133 138 139 140 143 145 146 147 148 151 156 158 159 163 164 166 167 171 172 173 180 182 183 184 191 192 197 200 202 203 204 
1 2 4 9 11 13 20 22 31 33 34 35 40 59 62 64 65 67 72 74 75 87 92 103 105 108 111 113 119 122 124 126 127 128 130 133 139 143 145 146 151 158 159 167 171 172 173 182 183 191 197 200 202 203 
2 4 7 9 11 12 14 19 20 24 35 37 61 62 65 74 75 79 85 86 87 92 93 95 100 103 104 106 111 112 114 115 116 119 127 128 130 131 132 133 134 135 137 138 139 140 142 143 144 145 150 155 158 163 164 171 172 174 175 184 185 191 192 195 197 199 204 
7 13 15 22 40 49 53 57 61 74 76 87 93 110 116 130 132 140 143 163 164 181 184 187 203 
1 4 7 9 11 14 15 30 35 58 62 67 74 76 86 87 88 91 92 103 106 111 115 116 119 127 128 130 132 133 135 139 143 145 149 157 158 159 160 161 162 163 164 167 169 172 180 183 184 190 191 192 193 197 204 
1 4 7 8 9 10 12 13 14 21 22 26 30 34 35 37 39 61 62 65 66 67 71 74 75 77 79 83 86 88 95 97 98 100 105 109 110 113 117 120 124 127 128 129 135 139 140 141 143 150 151 154 156 158 159 160 161 166 167 168 170 172 173 174 175 177 180 181 185 187 188 189 190 194 195 197 198 199 
1 2 4 7 9 11 12 13 14 22 24 31 33 39 45 53 61 62 66 67 71 74 75 76 81 84 87 91 92 95 97 100 103 104 105 106 111 113 119 122 127 128 130 135 139 143 144 145 147 150 154 156 158 159 160 163 164 170 172 173 175 177 180 181 187 190 195 197 200 204 
2 4 7 8 9 11 13 14 15 20 22 31 34 35 40 45 57 59 61 62 64 65 71 72 74 75 81 83 86 87 91 92 94 97 103 105 106 111 113 116 119 127 128 130 135 139 140 143 146 147 151 152 156 157 158 159 163 164 171 173 177 180 182 183 184 186 190 191 195 199 202 203 204 206 
1 9 14 20 35 37 45 65 75 92 103 116 130 132 138 139 143 145 149 157 158 164 171 172 183 191 204 
1 4 9 11 12 14 20 24 35 39 45 62 65 75 87 88 105 106 111 112 115 116 120 127 128 130 131 135 138 142 143 145 149 150 158 161 163 164 167 169 171 172 174 183 184 188 190 191 195 196 197 204 
1 4 7 9 11 12 13 14 15 20 21 22 24 30 31 35 39 45 51 53 58 61 62 65 66 67 72 73 74 75 76 77 78 79 81 83 84 86 87 88 91 92 95 98 99 100 106 107 110 111 114 115 116 119 120 127 128 129 130 131 132 133 135 138 139 140 141 142 143 144 145 146 149 150 153 155 156 158 160 161 163 164 166 167 169 170 171 172 174 175 179 180 181 182 183 184 185 187 190 191 192 193 195 196 197 198 199 202 203 204 
2 4 8 9 10 11 12 13 14 15 20 21 22 24 31 33 34 35 38 39 40 45 58 59 61 62 64 65 66 67 71 72 74 75 79 86 87 91 92 95 97 103 105 106 110 111 113 115 116 118 119 127 128 130 135 137 139 140 143 145 146 148 151 153 154 156 157 158 159 160 163 164 171 172 175 177 181 182 183 184 187 190 191 196 199 202 203 204 
1 2 4 8 9 11 13 14 15 20 24 33 34 35 37 45 59 62 65 67 69 74 75 79 86 87 92 95 100 103 104 105 106 111 115 116 118 119 122 126 127 128 130 132 133 135 139 140 143 144 145 146 147 149 151 152 157 158 160 163 164 171 172 173 184 190 191 192 195 197 199 200 202 204 
1 4 7 8 9 11 12 13 14 15 20 21 22 23 24 26 31 33 34 37 40 45 47 51 53 62 64 65 67 71 72 74 75 78 79 81 86 87 91 92 95 100 106 107 108 109 110 111 113 115 116 119 120 122 124 126 127 128 129 130 132 135 139 140 143 144 145 148 153 156 157 158 160 163 164 166 167 171 172 173 174 176 177 179 180 182 184 187 190 191 192 195 196 199 202 203 204 
1 2 4 6 7 8 9 10 11 12 13 14 15 16 19 20 21 22 23 24 26 31 33 34 35 37 40 43 44 45 47 48 51 52 53 57 58 59 61 62 64 65 66 67 69 71 72 74 75 79 81 83 84 86 87 91 92 96 97 99 100 103 104 105 106 108 109 110 111 115 116 117 118 119 120 122 125 126 127 128 130 131 132 133 135 138 139 140 141 143 144 145 146 147 148 149 150 152 153 156 157 158 159 160 161 163 164 165 166 167 168 171 172 173 174 179 180 182 183 184 185 187 190 191 192 193 195 196 197 198 199 200 201 202 203 204 
1 4 8 9 13 15 20 23 24 27 31 35 37 45 61 62 65 66 69 75 79 84 86 91 92 95 111 116 118 120 122 127 128 130 132 135 139 140 143 145 152 156 157 158 161 163 164 167 171 172 174 180 182 190 191 192 196 204 
1 2 4 7 8 9 11 12 13 14 15 20 21 22 26 31 34 35 37 40 45 57 59 61 62 64 65 66 71 72 74 75 78 79 81 83 86 87 91 92 94 98 105 106 107 110 111 113 116 119 120 124 127 128 129 130 135 136 139 141 143 146 149 151 153 156 158 160 163 164 166 167 171 172 173 177 178 180 182 183 187 188 190 196 199 203 204 
1 2 4 7 8 9 11 13 14 15 20 21 22 23 24 31 34 35 37 40 43 45 47 52 53 59 61 62 63 64 65 67 69 72 74 75 79 81 86 87 91 92 93 95 97 99 100 103 104 105 106 107 108 110 111 113 115 116 119 126 127 128 130 131 132 135 138 139 140 141 143 144 145 146 148 149 150 152 156 157 158 160 163 164 165 166 167 171 172 173 174 177 179 180 182 183 184 185 187 190 191 192 195 196 197 199 202 203 204 
1 4 8 9 11 12 13 15 18 20 34 35 37 40 45 53 57 59 61 62 64 72 74 75 79 86 87 91 92 95 103 104 106 111 115 116 127 130 132 138 139 140 141 144 145 146 150 156 158 163 164 166 167 171 172 179 182 183 187 191 192 197 200 203 204 
1 4 7 9 11 12 13 14 15 22 34 35 37 39 45 62 64 65 71 72 74 75 79 87 91 92 100 105 106 111 119 127 128 130 131 132 138 139 143 145 149 150 155 156 158 163 164 167 169 172 175 183 184 190 191 195 197 198 199 203 204 
1 4 7 8 9 11 12 13 14 15 20 22 34 35 39 45 51 61 62 65 72 74 75 79 81 86 87 91 92 95 100 103 106 108 111 112 115 116 119 127 128 130 132 135 138 139 140 141 143 145 149 150 155 156 157 158 160 161 163 164 166 169 170 171 172 175 180 182 183 184 190 191 192 193 195 199 203 204 
1 4 7 9 11 12 13 14 15 16 17 20 21 22 23 24 34 35 39 43 51 53 58 61 62 65 72 74 75 78 81 83 84 87 88 91 95 100 106 110 111 115 116 119 120 126 127 128 129 130 132 133 135 137 138 139 140 143 144 145 148 149 150 151 155 156 157 158 159 160 161 163 164 166 167 169 172 174 175 180 184 185 187 190 191 192 194 195 196 197 198 199 203 204 
1 2 4 7 8 9 11 12 13 14 20 21 22 23 24 26 30 31 33 34 35 37 59 62 64 65 72 74 75 79 83 86 87 91 92 103 105 110 111 113 115 116 118 119 122 127 128 130 131 132 135 139 143 145 146 150 152 156 158 163 164 167 171 172 173 182 184 190 191 192 196 197 199 200 202 203 204 
1 2 4 7 8 9 11 13 14 15 20 22 26 30 40 45 48 54 58 62 64 70 71 72 74 75 81 87 91 92 93 97 103 106 107 110 111 115 116 118 123 126 128 130 141 143 147 149 150 153 156 157 158 159 160 163 164 166 168 170 171 172 177 180 182 184 187 190 191 194 197 203 
1 2 4 7 8 9 10 11 12 13 14 15 20 22 24 30 31 33 34 35 37 45 47 48 59 62 64 65 66 69 72 73 74 75 76 79 81 86 87 91 92 103 105 106 108 110 111 113 115 116 117 118 119 122 125 127 128 130 132 135 139 140 143 144 145 146 148 149 153 156 157 158 159 160 161 163 164 165 166 170 171 172 173 174 180 182 183 184 185 190 191 192 195 197 198 202 203 204 
1 3 4 6 7 8 9 11 12 13 14 15 22 24 26 35 37 40 45 58 61 62 65 69 74 75 79 81 84 86 87 92 95 103 106 110 111 114 116 118 122 127 128 130 131 132 133 135 138 139 140 141 143 145 149 153 156 157 158 159 163 164 171 172 182 183 190 191 192 195 199 202 203 204 
1 2 4 6 7 8 9 10 11 12 14 15 20 22 24 29 30 34 35 37 39 43 45 48 51 53 58 60 61 62 65 67 69 72 73 74 75 77 79 81 84 86 87 91 92 95 98 100 103 104 105 106 109 110 111 114 116 117 118 119 120 122 125 126 127 128 129 130 131 132 133 135 137 138 139 140 141 143 144 145 146 147 148 149 150 153 155 156 157 158 159 160 161 163 164 165 167 168 170 171 172 173 174 179 180 181 183 185 187 188 189 190 191 192 195 196 197 198 199 200 202 203 204 
1 2 4 6 8 9 11 12 13 14 20 21 24 35 37 45 58 61 62 65 67 69 72 73 74 75 79 84 91 92 93 95 105 106 111 116 118 122 126 127 130 132 133 135 139 140 143 145 149 150 157 158 159 163 164 167 171 172 173 174 180 182 184 185 190 191 192 193 195 196 197 199 204 
1 2 4 6 7 8 9 11 12 13 14 15 20 24 29 34 35 37 45 53 58 59 60 61 62 65 67 69 72 73 74 75 79 84 86 87 91 92 93 95 100 102 103 104 105 106 110 111 115 116 118 119 121 122 125 126 127 128 130 132 135 138 139 140 141 143 145 146 147 148 149 150 155 156 157 158 160 163 164 167 171 172 174 179 180 182 183 184 185 187 190 191 192 193 195 196 197 198 199 200 202 203 204 
1 2 7 8 11 13 15 20 34 35 37 45 49 62 65 72 74 75 76 87 91 92 105 110 111 116 121 122 127 128 130 132 139 143 145 156 157 159 160 163 164 171 172 180 182 184 187 190 191 192 197 203 
1 2 4 7 9 13 14 15 20 35 37 39 45 58 65 71 72 75 76 79 86 87 92 101 105 113 116 122 125 130 132 135 139 143 145 149 158 159 160 163 164 165 167 171 172 183 185 195 196 197 199 202 
1 2 4 5 6 7 8 9 10 11 12 13 14 15 24 28 30 31 33 34 35 37 39 40 45 53 58 59 62 65 66 69 74 75 79 81 82 84 86 87 88 91 92 97 103 105 111 113 115 116 118 122 125 127 128 130 132 135 136 139 143 145 148 150 156 158 160 163 164 165 166 171 172 173 174 177 182 183 184 187 188 189 190 191 192 196 197 199 202 203 204 205 
2 4 7 8 9 10 11 12 13 14 20 21 22 26 31 34 35 40 44 45 59 62 67 71 72 74 75 79 81 86 87 91 92 97 100 103 105 106 110 111 113 116 117 119 127 128 130 132 139 143 145 146 148 153 154 156 157 158 160 164 166 171 172 177 179 181 183 184 187 190 191 196 202 203 204 
1 4 8 9 10 11 12 13 15 22 26 34 35 40 42 44 45 46 48 49 51 55 56 57 59 62 72 74 75 81 83 86 87 91 104 106 111 116 119 124 126 127 128 130 132 136 139 140 141 143 146 148 151 156 159 164 166 172 173 177 183 184 186 187 190 199 200 201 203 
4 7 8 9 13 14 15 22 34 35 36 40 45 46 57 59 62 64 65 71 72 74 76 79 83 87 91 92 103 105 106 110 111 116 125 127 128 130 132 135 139 140 141 143 145 146 148 152 156 157 159 163 164 171 172 182 184 191 192 197 200 203 204 
2 4 8 9 11 13 22 31 33 35 37 59 62 65 71 72 75 86 87 91 92 103 105 106 108 111 116 119 120 122 126 127 128 130 136 143 145 152 156 157 158 159 164 166 171 173 175 177 182 183 184 191 204 
1 2 4 7 9 11 12 13 14 20 22 24 30 31 35 37 39 45 61 62 64 65 71 72 74 75 76 79 81 83 86 87 88 91 92 95 96 97 100 101 103 104 105 106 110 111 113 115 116 122 127 128 130 132 135 138 139 143 145 149 150 151 152 154 156 158 159 160 163 164 167 169 171 172 173 177 179 180 182 183 184 188 190 191 192 195 197 199 202 204 
6 7 9 11 12 14 20 23 35 61 75 79 86 88 92 103 111 115 116 119 120 127 128 130 135 146 163 169 172 183 185 190 191 195 199 200 204 
4 9 11 14 15 20 35 36 92 103 105 116 132 135 139 143 146 149 154 157 158 172 175 177 183 191 
4 7 9 11 12 13 20 35 39 61 62 65 75 79 84 86 87 92 103 105 111 116 127 128 130 132 135 139 143 145 149 153 158 163 164 172 175 183 184 190 191 195 197 199 204 
2 4 7 11 12 13 14 15 17 20 21 22 35 37 39 64 65 71 72 74 75 80 81 84 87 91 92 95 98 103 104 105 109 110 111 113 116 119 127 128 129 130 132 135 137 139 140 141 143 145 158 160 163 164 166 167 168 171 172 175 181 182 183 184 191 192 193 197 199 200 203 
1 2 7 9 12 13 15 20 35 43 45 61 62 66 72 74 75 79 80 82 84 86 87 91 92 105 106 108 109 110 111 115 116 119 127 128 130 132 135 137 139 140 143 151 156 158 163 164 169 171 172 175 177 179 182 183 184 191 192 195 196 197 199 203 204 
2 7 9 11 12 13 14 15 20 21 22 23 33 34 35 43 45 46 47 48 49 52 53 61 62 64 71 72 81 82 86 87 89 91 92 95 97 100 103 105 106 108 110 111 113 115 116 119 126 127 128 130 132 135 136 140 141 145 147 150 156 157 158 163 164 166 168 169 170 171 172 174 177 180 183 
1 2 3 4 6 7 8 9 10 11 12 13 14 15 19 20 21 22 24 26 31 33 34 35 37 39 40 45 59 61 62 65 66 67 71 72 74 75 77 79 81 82 86 87 90 91 92 93 95 97 100 103 105 106 108 110 111 113 115 116 118 119 124 127 128 129 130 132 133 135 136 138 139 140 143 144 145 146 147 149 150 151 152 154 156 157 158 159 160 161 163 164 166 167 169 170 171 172 173 175 177 180 182 183 184 185 187 190 191 192 195 197 199 202 203 204 
1 2 4 8 9 11 13 14 15 20 24 33 34 35 37 45 59 61 62 65 67 71 72 74 75 86 87 91 92 97 98 103 105 106 111 113 115 116 118 119 122 127 128 130 135 139 143 145 146 148 152 153 157 158 163 164 167 169 171 172 173 177 180 182 183 184 188 190 191 195 196 197 199 200 202 204 
1 2 4 6 7 8 9 10 11 12 13 14 15 20 22 23 24 30 31 33 34 35 39 40 43 44 45 51 58 59 61 62 65 66 71 72 74 75 78 79 81 84 86 87 91 92 94 95 97 98 103 105 106 107 110 111 113 115 116 118 119 120 121 124 126 127 128 129 130 132 135 138 139 141 143 144 145 146 147 148 150 151 152 153 154 156 157 158 159 160 161 163 164 166 169 171 172 173 177 179 180 181 182 183 184 187 190 191 192 193 195 196 197 199 201 202 204 
1 2 4 8 9 10 11 13 14 15 20 22 24 31 34 35 39 40 44 45 59 61 62 67 71 72 74 75 79 86 87 91 92 97 98 103 105 106 110 111 113 116 117 119 127 128 129 130 132 136 139 140 146 148 151 153 154 156 158 163 164 166 171 172 177 179 180 181 190 191 195 196 197 199 203 204 
1 4 8 9 11 13 15 20 21 22 34 35 37 40 44 45 59 61 62 65 72 74 75 81 86 87 91 92 103 105 106 108 110 111 113 114 115 116 118 122 127 128 130 132 135 143 144 145 146 148 152 156 157 158 163 164 167 171 172 173 182 184 187 190 191 197 203 204 
1 4 6 7 8 9 10 11 12 13 14 15 20 21 22 24 28 30 35 37 38 39 43 45 51 53 57 58 60 61 62 64 65 66 67 71 72 74 75 76 77 78 79 81 84 86 87 88 91 92 94 95 98 100 105 106 107 108 109 110 111 113 114 115 116 119 120 122 124 126 127 128 129 130 132 135 138 139 140 141 142 143 144 145 147 149 150 151 153 154 155 156 157 158 159 160 162 163 164 166 167 169 170 172 180 182 183 184 187 188 189 190 191 192 194 195 196 197 198 199 200 203 204 
7 9 11 13 15 21 22 61 64 74 81 83 86 87 91 110 124 127 143 156 157 159 166 170 182 190 196 203 
2 4 7 9 10 11 12 13 14 20 24 35 37 39 45 60 61 62 65 66 67 72 74 75 78 79 86 87 91 92 95 100 103 106 110 111 113 115 116 119 127 128 130 131 133 135 137 138 139 140 143 145 146 150 151 154 156 160 161 163 164 167 169 171 172 174 177 180 182 184 185 190 191 193 195 196 199 204 
1 2 4 7 8 9 11 12 13 14 20 21 22 23 24 30 34 35 37 45 48 53 60 61 62 64 65 66 71 72 74 75 76 79 80 81 82 84 86 87 88 91 92 95 98 99 100 103 104 105 106 110 111 115 116 118 119 120 122 125 127 128 130 131 132 133 135 138 139 140 142 143 144 145 146 149 150 151 155 156 157 158 160 161 163 164 166 167 169 171 172 173 174 177 180 182 183 184 185 188 190 191 192 195 196 197 198 199 200 202 203 204 
1 2 4 8 9 10 12 13 14 15 20 21 22 23 24 26 31 34 35 37 40 45 51 61 62 66 71 72 74 83 86 88 92 95 97 103 105 109 111 115 116 118 119 124 127 130 132 139 143 152 154 156 158 163 164 171 172 175 177 182 184 187 190 191 192 202 
2 3 4 9 10 11 12 20 24 31 37 39 45 58 59 62 63 66 67 72 74 77 86 91 92 97 102 103 106 111 113 116 118 119 120 127 128 133 135 136 137 145 146 151 153 154 155 156 164 169 173 175 177 183 184 190 191 194 195 199 200 204 
2 4 8 11 12 13 14 15 20 21 22 31 33 34 35 37 40 44 46 48 49 55 59 62 66 71 72 74 75 84 86 87 91 92 97 103 105 111 113 118 119 127 130 136 139 143 146 152 156 158 159 160 163 164 167 171 177 180 183 190 191 192 197 202 204 
1 4 6 8 9 11 13 14 15 22 31 34 35 37 45 59 62 65 71 74 75 86 87 91 92 103 105 111 118 119 126 127 130 132 138 139 143 146 151 152 158 159 161 163 164 172 175 180 183 184 190 191 192 197 199 202 203 204 
1 7 9 11 12 13 14 15 20 21 23 24 34 35 37 43 47 48 51 52 53 58 61 62 63 64 65 66 67 72 73 74 75 76 78 79 81 83 84 87 88 91 92 95 98 99 100 103 106 108 110 111 114 115 116 117 119 120 122 123 126 127 129 130 131 132 135 137 138 139 140 141 143 144 145 147 149 150 151 156 157 158 159 160 161 162 163 164 166 167 168 169 172 174 175 176 177 180 181 182 184 185 187 190 191 192 194 195 196 197 198 200 203 204 
1 2 4 5 6 7 8 9 10 11 12 13 14 15 16 20 21 22 23 24 29 30 31 34 35 36 37 39 40 43 45 47 48 49 51 52 53 58 59 60 61 62 63 65 66 67 68 69 71 72 73 74 75 77 78 79 81 82 83 84 86 87 88 90 91 92 93 94 95 96 97 98 100 102 103 104 105 106 107 108 109 110 111 113 115 116 117 118 119 120 122 123 124 125 126 127 128 129 130 131 132 133 134 135 136 137 138 139 140 141 143 144 145 146 147 148 149 150 151 152 153 155 156 157 158 159 160 161 163 164 165 166 167 168 170 171 172 173 174 177 179 180 181 182 183 184 185 187 190 191 192 193 195 196 197 198 199 200 202 203 204 205 
1 2 4 7 8 9 11 13 14 15 20 21 22 26 31 33 34 35 40 41 42 44 45 46 47 49 51 57 59 61 62 64 65 70 71 72 74 75 78 79 80 81 87 89 91 92 97 103 104 105 106 107 108 110 111 113 115 116 119 121 125 126 127 128 129 130 132 136 139 140 141 143 144 145 146 147 148 149 150 152 156 157 158 159 163 164 166 167 171 172 177 180 182 183 184 187 190 191 192 197 199 200 203 204 
1 4 11 12 14 15 22 24 35 43 51 52 58 61 62 63 64 65 67 73 74 75 76 78 79 81 84 85 87 88 91 95 100 106 108 110 111 112 114 116 120 129 130 131 132 133 137 138 139 140 141 143 145 149 150 151 157 158 161 162 163 164 167 168 169 171 172 174 180 181 184 190 191 192 194 195 196 197 199 203 204 
1 4 7 9 11 12 13 14 15 21 22 24 35 37 39 43 47 51 52 53 58 61 62 63 64 65 67 72 73 74 75 76 78 79 81 84 85 87 88 91 92 95 100 105 106 108 110 111 114 116 120 123 124 126 127 128 129 130 131 132 133 135 137 138 139 140 141 142 143 144 145 147 150 151 154 155 156 157 158 159 160 161 163 164 167 168 169 172 174 180 181 184 185 187 190 191 192 194 195 196 197 198 199 203 204 
4 9 11 12 13 14 20 24 35 45 58 62 65 74 75 79 87 95 100 103 105 110 111 115 116 119 127 128 129 132 135 137 138 139 142 143 149 150 151 158 161 163 164 167 169 171 172 174 177 183 184 185 190 191 195 197 199 200 204 
1 2 4 7 9 11 12 13 14 15 21 23 24 30 35 37 38 39 45 51 52 53 58 61 62 65 72 74 75 78 79 81 84 86 88 91 92 95 99 100 103 104 105 106 110 111 116 119 120 127 128 129 130 131 132 133 135 138 139 140 143 144 145 146 147 149 150 151 156 158 160 163 164 167 169 171 172 182 183 184 185 190 191 192 194 195 196 198 199 200 203 204 
1 7 8 12 14 15 20 21 35 43 51 65 73 74 75 78 81 100 105 106 110 111 116 120 129 130 132 135 137 138 143 158 159 161 163 164 168 169 170 171 172 174 181 184 190 191 192 194 196 197 198 
1 2 4 9 11 12 14 20 35 37 45 62 65 66 74 75 76 79 84 86 88 92 100 105 106 111 116 127 130 132 135 138 139 143 158 161 164 165 172 173 185 188 190 191 192 202 205 
1 4 9 12 20 30 35 37 45 58 61 62 63 65 74 75 76 79 84 86 87 88 91 92 103 105 106 111 116 119 127 128 130 132 135 138 139 143 145 147 149 158 160 163 164 167 171 172 175 179 180 182 183 190 191 192 195 197 202 204 
1 2 4 7 9 11 12 13 14 15 20 22 23 34 35 39 43 45 50 51 56 61 62 65 66 72 73 74 75 76 78 79 81 83 86 87 91 92 95 98 100 103 105 107 109 110 111 116 119 124 127 128 129 130 131 132 133 135 138 139 140 141 143 145 146 148 149 150 152 153 156 157 158 159 160 163 164 166 168 169 170 171 172 173 174 180 181 183 184 190 191 192 193 195 198 199 203 204 
4 7 8 13 15 22 26 62 74 81 88 109 117 127 128 143 156 157 159 168 170 172 189 190 197 
1 7 9 11 12 13 14 15 21 22 28 35 37 43 47 51 52 53 61 62 64 65 72 73 74 75 76 78 81 84 88 91 95 100 106 107 108 109 110 111 115 116 120 123 124 127 129 130 132 135 138 139 140 141 143 144 145 149 150 156 158 163 167 168 169 171 172 174 180 181 182 183 184 190 191 192 194 196 198 203 204 
1 4 7 9 11 12 13 14 15 20 22 28 35 37 39 43 45 51 53 61 62 64 71 72 73 74 75 79 82 83 86 87 91 92 98 100 103 105 106 107 108 109 110 111 115 116 119 127 128 130 132 135 137 139 140 141 143 145 146 148 149 150 151 154 155 156 157 158 160 163 164 169 171 172 175 180 181 182 183 184 190 191 192 193 195 198 199 202 203 
7 12 13 14 20 43 51 62 64 74 75 78 81 83 98 106 110 116 124 127 130 132 135 139 145 163 171 172 180 184 191 192 194 198 
1 7 11 12 13 14 15 21 22 35 43 47 51 58 61 62 63 72 74 75 76 81 88 95 106 108 110 111 116 124 129 130 132 135 137 138 139 140 141 145 147 158 159 163 167 168 169 171 172 174 184 191 192 194 195 196 198 203 204 
7 9 11 13 14 20 43 45 51 61 62 64 74 75 81 87 100 106 108 111 124 127 130 132 135 139 141 143 145 150 154 156 158 161 163 164 167 169 171 172 174 184 190 191 192 194 195 198 203 204 
1 4 7 9 10 11 12 13 14 15 20 24 30 35 39 45 51 58 61 62 65 67 72 74 75 78 79 81 84 86 87 88 91 92 95 98 100 103 106 108 110 111 114 115 116 119 120 124 127 128 129 130 131 132 133 135 138 139 140 142 143 145 149 150 151 156 158 160 163 164 167 169 172 177 180 181 183 184 190 191 194 195 196 198 199 204 
7 11 13 14 15 20 21 22 30 35 43 45 51 53 61 62 64 65 71 72 73 74 75 78 81 87 91 95 100 105 106 107 108 110 111 115 116 119 121 124 129 130 132 135 137 138 139 140 141 143 145 148 158 160 161 163 164 167 168 169 171 172 174 175 180 184 191 192 194 195 196 198 203 
1 2 4 7 9 12 13 14 35 45 58 62 65 72 75 76 84 87 91 92 103 106 111 113 122 127 130 132 139 145 147 158 163 172 183 184 190 191 192 195 196 197 199 200 203 204 
1 2 4 5 6 7 8 9 10 11 12 13 14 15 17 20 21 22 23 24 25 28 30 35 37 39 45 47 50 51 52 53 58 60 61 62 63 64 65 66 67 72 73 74 75 76 78 79 81 83 84 85 86 87 88 91 92 94 95 100 103 104 105 106 108 109 110 111 112 114 115 116 117 119 120 123 124 126 127 128 129 130 131 132 133 134 135 137 138 139 140 141 142 143 144 145 147 148 149 150 151 154 155 156 157 158 159 160 161 162 163 164 165 167 168 169 170 171 172 174 175 180 181 182 184 185 187 188 190 191 192 194 195 196 197 198 199 203 204 
1 2 4 9 11 13 14 35 37 45 59 62 64 71 72 75 80 86 91 92 103 105 106 111 116 119 127 128 130 135 139 143 145 146 147 156 158 161 163 164 182 183 184 195 197 202 203 204 
1 4 9 10 11 12 20 35 37 39 45 65 86 88 92 103 106 116 118 119 127 130 138 142 149 154 158 171 172 177 180 182 183 193 200 
7 11 12 15 35 43 51 62 65 74 75 76 78 81 85 86 106 110 111 114 116 119 129 130 131 132 138 139 143 157 158 163 164 167 168 169 171 172 184 191 192 194 195 196 197 198 203 204 
7 11 12 13 14 20 23 43 45 51 52 53 61 62 64 71 72 75 78 81 91 98 106 108 110 111 116 119 120 127 130 132 135 139 140 141 143 145 151 156 157 161 163 164 169 172 174 175 176 177 180 184 190 191 192 195 196 203 204 
1 4 7 8 9 12 13 15 20 22 34 40 45 61 62 71 72 74 76 79 81 86 87 88 91 92 111 116 127 128 130 132 135 139 143 145 149 157 160 163 164 171 172 173 180 182 184 191 192 195 203 204 
1 4 8 9 12 13 15 20 22 31 35 45 62 65 71 72 74 75 83 86 87 91 92 95 97 105 106 110 111 116 119 120 127 128 130 132 135 139 140 143 145 153 156 157 158 159 160 163 164 172 177 184 186 190 191 192 193 195 199 202 204 
1 9 11 14 20 24 35 39 45 61 65 66 75 78 84 86 88 100 103 110 116 127 128 129 130 132 135 139 140 143 145 149 150 151 158 160 163 164 169 172 175 180 184 190 191 195 197 199 
1 7 11 12 14 22 35 43 65 67 74 75 78 81 83 91 92 95 99 106 108 110 111 115 116 120 123 127 129 130 132 139 140 143 145 148 160 163 172 184 191 192 194 195 196 197 204 
7 14 35 51 74 75 81 95 100 106 110 116 124 129 130 132 135 137 138 139 143 158 161 163 164 167 171 172 174 181 184 191 192 194 196 198 
1 4 7 9 11 12 14 15 20 21 22 35 39 45 51 53 61 62 65 71 73 74 75 78 79 81 83 84 86 87 91 92 100 103 106 107 109 110 111 116 119 124 127 128 130 132 133 135 136 138 139 140 141 143 145 146 149 150 151 154 155 156 157 158 161 163 164 169 172 173 174 180 181 183 184 190 191 192 193 195 196 198 199 203 204 
1 4 6 7 9 11 12 13 14 22 24 35 62 65 67 74 75 78 81 87 88 91 95 100 106 108 111 116 120 127 130 132 135 138 139 184 185 
1 7 9 11 12 14 15 34 35 43 51 62 65 73 74 75 76 78 81 84 91 106 109 110 111 116 120 126 129 130 132 135 137 138 139 141 145 158 163 164 167 168 169 171 172 174 180 184 190 191 194 196 198 203 204 
1 2 4 8 9 11 12 13 14 15 20 22 35 37 40 45 53 61 62 64 65 67 71 72 74 75 79 81 87 91 92 97 105 106 110 111 115 116 122 127 128 130 132 135 138 139 143 145 148 152 156 157 158 163 164 171 172 179 180 182 184 187 190 191 192 195 203 204 
4 7 9 11 12 13 14 15 20 21 22 23 24 34 35 39 44 45 58 61 62 65 72 74 75 78 81 83 84 87 91 92 95 103 106 108 109 110 111 115 116 119 124 126 127 128 130 132 135 137 138 139 140 141 143 144 145 148 151 156 158 159 163 164 166 167 168 169 170 172 175 180 182 184 187 190 191 192 195 196 198 199 203 204 
4 7 9 12 13 14 15 20 21 24 35 43 47 51 52 53 58 61 62 65 72 74 75 78 79 81 88 91 92 95 98 100 106 108 109 110 111 116 119 122 127 128 130 131 132 138 139 140 141 143 145 156 157 158 160 163 164 166 167 168 169 170 172 174 183 184 190 191 192 195 196 197 203 204 
1 2 4 9 10 12 14 22 30 35 37 59 62 72 74 76 79 86 87 91 92 98 103 105 106 111 113 116 119 127 128 130 135 139 143 145 151 154 158 160 161 163 172 183 189 190 191 195 197 198 199 202 204 
8 9 11 12 13 14 20 22 26 31 34 35 40 44 45 62 72 74 75 79 86 87 91 97 103 106 111 116 119 127 128 130 135 139 143 146 151 154 156 158 159 163 164 166 171 172 177 184 190 191 192 193 195 199 204 
1 2 3 4 8 9 11 12 13 14 15 20 21 22 23 26 28 31 34 35 37 40 45 58 61 62 65 66 67 71 72 74 75 78 79 83 86 87 88 91 92 95 97 98 100 103 105 106 107 109 110 111 113 115 116 117 119 120 124 127 128 129 130 131 132 135 139 140 141 143 144 145 146 148 149 150 153 154 156 157 158 159 160 161 163 164 166 167 168 169 170 171 172 173 174 175 177 179 180 181 182 183 184 185 187 188 190 191 192 193 195 196 197 198 199 201 202 203 204 
1 4 7 8 9 10 11 13 14 15 20 22 24 35 37 62 64 67 72 74 75 87 91 92 104 108 110 116 127 128 130 133 139 143 145 148 149 155 156 159 163 164 171 172 182 184 190 191 192 197 202 204 
1 4 7 8 9 11 12 13 14 15 20 22 23 24 30 31 35 37 45 62 65 66 67 72 74 75 78 79 84 86 87 88 91 92 94 95 106 110 111 113 115 116 120 122 126 127 128 130 131 132 135 139 143 144 145 149 150 151 152 153 156 157 158 160 161 163 164 167 170 171 172 173 174 182 187 188 190 191 192 193 194 195 196 197 199 202 203 204 
1 2 4 8 9 11 13 15 34 35 37 45 62 64 65 72 74 75 86 87 91 92 105 110 111 116 118 127 130 132 139 143 145 156 157 158 163 164 171 172 182 191 204 
1 2 4 6 7 8 9 10 11 12 13 14 15 20 24 34 35 37 43 45 59 61 62 64 65 72 74 75 79 81 84 86 87 91 92 95 105 106 108 110 111 116 118 119 120 122 125 126 127 128 130 132 135 139 141 143 145 146 147 149 151 152 153 155 156 158 160 163 164 165 167 171 172 173 174 180 182 183 184 185 187 190 191 192 193 195 196 197 199 202 203 204 
1 2 4 7 8 9 11 13 14 15 20 30 35 37 45 59 62 72 74 75 86 87 88 91 92 97 103 105 106 111 115 116 118 119 126 127 128 130 135 139 143 145 146 148 150 151 155 157 158 163 164 167 171 172 177 180 182 183 184 185 190 191 192 195 197 199 200 202 204 
7 14 15 35 41 45 59 79 110 116 125 126 130 139 157 163 171 192 
1 2 4 7 8 9 11 13 15 20 22 31 33 35 37 43 45 47 53 59 61 62 63 64 65 67 72 73 74 75 78 81 82 84 87 91 92 95 103 105 106 108 109 110 111 115 116 117 120 122 127 128 130 132 135 139 141 143 145 156 157 158 159 163 164 165 166 168 171 172 174 182 184 187 190 191 192 202 203 204 
1 2 4 8 9 11 12 13 15 19 20 34 35 36 45 53 59 61 65 69 74 75 76 79 86 87 91 92 93 95 103 104 105 111 115 116 119 127 130 132 133 138 139 140 143 145 146 149 157 158 159 164 171 172 180 183 188 191 192 195 197 200 202 204 
1 2 4 7 8 9 10 11 30 31 35 37 40 59 60 92 101 103 104 105 113 118 119 128 130 133 137 143 146 151 152 157 158 172 173 177 183 188 197 202 
4 8 9 11 12 13 14 20 22 34 35 40 44 45 59 62 64 72 74 75 86 87 91 92 103 105 106 113 116 119 127 128 130 132 143 146 150 156 157 158 159 161 163 164 166 167 171 172 182 183 184 191 197 204 
1 7 9 11 13 15 21 22 35 61 74 81 87 98 105 109 111 116 127 139 141 143 149 156 159 163 169 170 172 182 184 190 195 203 
1 4 7 9 11 12 13 14 15 21 22 23 26 28 35 43 51 53 61 62 66 67 71 72 74 75 78 79 81 84 87 88 91 95 98 100 106 109 110 111 115 119 120 123 128 129 130 131 132 133 135 138 139 140 141 143 144 148 149 156 157 158 160 163 164 166 169 170 171 172 174 180 184 185 190 191 192 194 195 196 197 198 199 203 204 
1 7 9 11 12 13 14 15 21 22 23 30 35 51 58 61 62 64 65 71 74 75 81 87 88 91 95 98 106 110 111 120 123 127 128 130 132 137 139 140 141 143 149 151 154 156 157 159 160 163 164 169 170 171 172 180 182 184 188 190 191 192 194 195 196 197 199 203 204 
7 13 20 35 37 45 62 64 72 74 75 91 92 108 111 121 127 130 132 139 145 156 157 159 164 171 172 182 183 184 191 192 197 203 204 
1 4 7 8 9 11 12 13 15 23 30 34 35 45 56 61 62 64 65 67 71 72 74 75 83 86 87 91 98 106 110 111 116 119 124 127 128 130 132 139 140 141 143 145 148 149 156 157 158 160 163 164 167 170 171 172 180 182 184 187 190 191 192 195 198 203 204 
8 9 11 12 13 22 34 35 44 45 59 62 71 72 74 75 79 86 87 91 103 105 106 111 113 116 119 120 127 128 130 135 139 140 143 146 153 156 158 159 163 164 166 172 177 182 184 190 191 193 195 199 204 
4 8 9 11 12 13 15 21 22 43 61 81 83 107 110 130 135 139 141 143 144 156 158 159 160 163 166 168 172 190 203 
1 2 4 8 9 13 20 22 35 37 40 45 62 65 67 72 75 86 87 91 92 105 111 116 119 122 127 130 132 135 139 143 156 157 158 163 164 171 177 180 182 184 187 190 191 204 
1 4 7 8 9 13 15 21 22 34 35 40 45 61 62 64 72 74 87 91 106 110 111 116 119 127 130 139 141 145 151 156 157 163 164 166 170 171 172 182 187 191 192 197 203 
1 4 9 11 12 13 14 20 24 30 34 35 37 62 65 72 75 79 86 87 92 100 103 106 111 115 116 119 127 128 130 135 139 140 145 146 149 150 158 163 164 167 169 171 172 174 179 182 183 184 185 190 191 195 199 200 204 
1 2 4 7 8 9 11 12 13 14 15 20 22 24 28 31 35 37 40 45 53 58 61 62 64 65 67 71 72 74 75 76 79 81 86 87 88 91 105 109 110 111 113 116 119 122 124 127 128 130 132 133 135 136 139 141 143 144 145 148 149 156 157 158 159 160 163 164 166 170 171 172 177 179 180 182 184 187 190 191 192 193 197 199 203 204 
1 7 9 11 12 14 15 35 53 58 61 62 65 72 74 79 81 84 87 92 95 106 110 111 114 116 130 131 132 135 138 139 140 145 149 150 156 158 163 167 169 172 174 180 184 190 191 192 195 196 198 204 
1 2 4 8 9 11 13 15 20 24 33 34 37 45 58 61 62 65 67 69 71 72 74 75 79 83 86 88 91 92 103 105 106 108 111 115 116 118 119 120 122 127 128 130 132 135 139 143 145 149 157 158 163 164 167 171 172 173 180 182 184 190 191 192 195 197 199 202 204 
1 4 8 9 11 13 20 34 35 59 62 65 74 75 81 86 87 91 92 103 105 111 115 116 127 130 139 145 157 158 163 164 171 172 182 184 187 191 192 195 197 204 
1 2 4 7 8 9 13 24 31 45 62 65 72 75 86 87 88 91 92 105 110 116 127 128 130 132 139 143 145 148 156 160 163 164 171 172 184 190 191 195 199 204 
1 2 4 7 9 12 13 14 15 20 22 24 30 34 35 48 58 61 62 65 72 74 75 81 84 87 91 92 95 97 100 105 106 110 111 116 119 120 127 130 132 135 138 139 140 141 143 145 150 158 160 163 164 165 166 167 168 169 171 172 175 180 182 183 184 190 191 192 195 196 197 198 199 203 204 
2 4 8 9 12 14 20 34 45 62 65 72 74 75 86 87 91 92 97 103 105 106 111 116 122 127 128 130 139 143 145 146 157 158 160 163 164 171 172 182 184 190 191 195 197 204 
1 4 7 9 13 14 20 22 26 31 33 34 37 40 43 59 61 62 65 71 72 74 75 76 81 84 87 91 92 106 111 113 115 119 122 127 128 130 135 136 139 143 146 147 148 150 151 156 158 160 163 166 172 177 182 187 190 191 195 196 199 
1 4 11 12 13 14 20 35 39 58 62 72 75 91 106 111 116 127 130 135 154 156 158 159 160 163 164 169 172 173 180 184 190 191 198 203 204 
1 4 7 9 14 20 21 22 34 35 39 45 51 53 61 74 75 79 86 87 92 103 105 106 111 115 116 127 130 132 135 139 143 146 150 151 158 163 164 169 171 172 180 183 184 191 192 195 203 
2 4 8 9 11 12 13 15 20 21 22 23 24 35 45 59 61 62 72 74 75 79 81 86 87 91 92 95 105 106 108 110 111 116 117 119 124 127 128 130 132 135 139 143 144 146 147 148 150 151 156 157 158 159 163 164 167 171 172 177 184 186 187 190 191 193 195 196 198 199 203 204 
1 2 4 7 8 9 11 12 13 14 15 20 35 37 40 43 47 59 61 62 64 65 72 74 75 79 83 86 87 91 92 95 96 100 103 105 106 108 110 111 115 116 119 126 127 128 129 130 132 133 138 139 140 143 145 156 157 158 163 164 166 167 170 171 172 180 182 183 184 187 191 192 195 196 197 199 203 204 
1 4 7 8 9 11 12 13 14 15 22 35 37 45 62 65 72 74 75 86 87 91 92 98 105 106 108 111 116 119 122 127 128 130 132 139 143 147 148 149 156 157 158 159 163 164 170 171 172 180 182 191 192 195 197 201 203 204 
1 2 4 7 8 9 11 12 13 14 15 20 21 22 24 34 35 59 62 64 65 72 74 75 79 86 87 91 92 95 98 103 104 105 106 110 111 113 115 116 119 127 128 130 139 140 145 148 149 150 156 157 158 163 164 167 171 172 180 182 183 184 191 192 197 199 200 201 202 203 204 
1 2 4 7 8 9 11 13 14 20 21 22 24 35 37 43 53 59 62 64 65 72 86 87 91 92 95 105 110 111 119 122 127 128 130 143 145 146 156 157 158 163 166 171 172 173 182 183 190 191 192 197 203 
4 7 8 9 13 14 15 20 21 22 24 31 35 40 43 44 45 47 49 51 58 61 62 64 65 72 74 75 81 86 87 91 92 95 100 103 105 107 110 111 113 119 127 128 130 135 143 145 146 148 149 151 152 156 157 158 163 172 173 177 180 182 184 190 191 
1 4 8 9 11 13 14 15 20 22 35 37 62 64 65 72 75 86 92 103 105 106 111 116 127 128 130 139 143 145 153 156 157 158 160 163 164 171 172 180 182 184 190 191 195 203 204 
1 2 4 7 8 9 11 12 13 14 15 20 21 24 26 30 34 35 45 59 61 62 64 65 66 74 75 78 81 86 87 88 91 95 97 98 106 107 110 111 113 116 117 124 127 128 130 137 139 141 143 145 149 150 153 156 157 158 159 160 163 164 166 167 168 169 170 171 172 174 177 180 182 184 185 187 190 191 192 194 195 197 199 203 204 
1 2 4 8 9 13 15 21 35 37 59 62 65 72 75 86 87 91 92 105 111 113 119 127 130 139 145 149 152 153 156 158 159 163 164 171 172 173 182 191 192 197 202 204 
1 2 4 8 9 11 13 14 15 20 35 45 59 62 64 65 72 75 86 87 91 92 103 105 106 108 111 115 116 119 127 128 130 139 143 145 146 148 156 157 158 163 164 171 172 183 184 191 192 197 202 203 204 
1 7 9 11 12 13 14 15 20 21 22 35 47 51 53 58 61 62 64 65 72 74 75 79 81 83 84 87 91 92 95 98 106 110 111 114 116 119 120 124 127 128 130 138 139 140 143 145 147 149 150 156 157 159 160 163 164 166 168 169 170 171 172 174 177 180 182 184 190 191 192 195 196 197 198 203 204 
2 7 8 9 13 22 26 31 32 40 45 59 64 65 66 71 72 74 81 87 92 97 103 105 113 119 124 127 128 130 136 143 144 146 156 158 159 170 173 177 183 189 202 203 
8 13 32 62 74 81 110 111 113 127 130 156 159 166 172 182 
4 8 9 12 21 22 26 28 31 34 45 51 59 62 72 74 75 86 87 91 98 105 106 111 119 127 128 135 143 146 147 148 151 153 154 156 163 172 177 180 181 182 184 186 190 191 192 193 201 203 
2 4 9 13 14 30 35 37 45 59 61 62 64 65 72 75 79 84 91 92 103 105 106 108 111 115 116 126 127 128 130 132 135 138 139 140 143 145 146 149 156 157 158 163 164 171 172 182 183 184 191 192 195 197 199 202 203 204 
4 7 9 11 12 13 14 20 31 35 37 45 53 61 62 65 72 75 91 92 106 110 111 115 116 127 130 132 135 138 139 141 143 145 150 156 157 158 163 164 171 172 180 184 187 191 192 195 196 197 203 204 
2 4 7 9 12 13 14 15 21 22 31 45 53 61 64 65 67 71 72 74 75 76 78 83 87 91 92 95 97 106 108 110 111 113 116 119 122 126 127 128 130 132 135 138 140 145 147 150 156 158 163 164 166 167 170 171 172 175 177 182 184 187 190 191 192 195 199 200 203 204 
4 6 7 8 9 11 12 13 14 15 20 21 24 34 35 37 45 52 53 61 62 64 65 72 74 75 79 81 86 87 91 92 95 98 103 106 110 111 115 116 117 119 126 127 130 131 132 139 140 143 144 145 149 150 156 157 159 161 163 164 168 171 172 174 179 182 184 185 191 192 195 196 198 199 203 204 
4 11 13 14 15 20 24 35 37 45 53 59 62 64 65 72 75 78 79 91 92 103 106 111 115 116 127 130 133 135 138 139 140 145 149 157 158 161 164 171 172 182 183 185 191 192 195 197 202 203 204 
1 7 8 9 11 13 15 22 31 40 61 62 71 72 74 87 91 110 111 127 128 130 135 143 151 156 158 159 160 163 166 172 190 204 
1 7 8 9 13 14 22 31 34 37 43 57 61 62 71 74 81 87 91 105 111 113 119 122 127 130 139 149 150 153 156 158 163 172 173 180 182 190 203 
1 2 4 8 9 11 13 15 20 24 35 37 45 62 65 67 72 74 75 79 86 91 92 95 106 111 115 116 119 127 128 130 132 135 139 143 145 158 159 163 164 172 180 184 185 190 191 192 195 197 199 204 
1 4 7 8 9 11 13 14 15 20 21 37 45 47 53 61 62 65 72 74 75 81 86 87 91 92 106 111 115 116 127 128 130 132 139 140 141 143 150 156 158 159 163 164 167 168 171 172 180 182 184 187 191 192 203 204 
1 2 4 7 8 9 11 12 13 14 20 23 24 35 37 45 59 61 62 65 74 75 78 79 84 86 87 88 91 92 95 105 106 111 116 122 126 127 128 129 130 132 135 139 143 150 152 156 158 160 163 164 171 172 173 174 180 183 187 188 190 191 192 195 196 199 
1 4 12 14 23 24 35 37 50 58 61 67 75 78 79 84 86 88 100 105 116 120 122 135 143 155 156 158 163 171 172 187 188 190 195 196 
1 2 4 7 8 10 11 13 14 20 21 22 24 30 31 35 37 45 59 61 62 65 67 69 72 74 75 79 81 84 86 87 91 92 95 105 106 110 111 116 118 120 127 128 130 131 132 135 138 139 141 143 145 150 151 156 157 158 159 160 163 164 167 170 171 172 174 177 180 182 184 187 190 191 192 196 197 198 199 202 204 
1 4 7 8 9 11 13 14 20 21 23 24 30 34 35 37 45 53 61 62 65 67 72 74 75 78 79 84 86 87 91 92 95 100 106 111 116 127 130 131 132 133 135 139 140 143 145 149 150 156 157 158 159 163 164 167 171 172 174 179 180 184 187 190 191 192 196 199 204 
1 2 4 7 8 9 11 12 13 14 15 20 24 31 34 35 37 45 53 59 61 62 65 67 72 74 75 78 79 86 87 91 92 95 99 103 106 111 115 116 119 120 122 126 127 128 130 132 135 138 139 140 143 145 149 156 157 158 163 164 167 171 172 179 182 184 187 190 191 192 195 196 197 199 203 204 
1 4 7 8 9 13 14 15 22 31 35 37 45 61 62 65 70 72 75 87 92 103 106 108 111 113 127 128 130 132 135 139 140 141 143 145 146 150 155 158 164 166 171 172 182 184 191 192 199 203 
2 4 6 9 12 13 14 20 24 34 35 37 45 61 62 65 67 72 75 79 84 86 87 91 92 95 100 103 105 106 111 115 116 122 126 127 128 130 132 133 140 144 145 146 156 158 160 164 172 174 184 185 190 191 192 195 196 197 198 199 202 204 
1 4 7 8 9 11 12 13 14 15 20 21 22 34 35 43 45 51 61 62 71 72 74 79 81 86 87 92 93 103 104 110 111 114 115 116 120 127 128 130 132 133 135 138 139 143 145 147 149 151 153 156 158 160 163 164 172 184 190 191 195 196 197 199 202 203 204 
4 8 9 10 11 12 13 15 20 22 26 31 34 35 45 62 71 72 74 75 79 81 86 87 91 92 97 100 103 105 106 111 115 116 119 122 126 127 128 130 135 139 143 145 146 148 151 152 153 156 158 159 163 164 171 172 177 180 184 190 191 192 193 195 196 199 202 203 204 
1 2 4 9 11 14 35 37 45 59 62 65 71 74 75 79 86 91 92 103 105 106 111 116 118 122 125 127 128 130 135 139 145 148 153 158 163 164 171 172 180 182 184 191 192 195 197 199 202 204 
2 4 7 8 9 11 13 14 15 20 22 31 33 37 40 45 59 61 62 64 65 66 72 74 75 81 83 84 86 87 91 92 95 97 103 105 106 108 111 115 116 118 120 121 122 126 127 128 130 135 139 140 143 144 145 146 148 151 152 153 156 158 159 163 168 171 172 173 180 182 183 184 190 191 192 195 196 197 202 203 204 
1 4 7 8 9 11 12 13 14 22 31 35 37 45 59 62 65 71 72 74 75 86 87 89 91 92 97 105 106 110 111 113 115 116 118 119 127 128 130 132 139 140 141 143 146 148 151 153 157 158 160 171 172 174 177 182 184 190 191 192 195 196 197 203 204 
2 4 8 9 11 13 14 20 21 22 33 34 35 40 43 45 51 59 61 62 64 65 72 74 75 79 81 83 86 87 91 92 95 105 106 108 110 111 113 115 116 119 126 127 128 130 135 139 140 143 144 145 146 148 151 156 157 158 163 164 166 167 171 172 173 180 182 183 184 185 186 190 191 192 195 197 203 204 
2 4 9 14 20 35 45 65 75 84 86 92 95 100 103 105 106 111 116 119 120 127 128 130 132 135 138 146 158 172 183 190 191 192 195 199 202 
4 8 9 10 11 12 13 22 28 31 34 39 40 58 61 62 66 67 74 79 81 86 87 91 95 111 113 119 120 124 127 128 129 143 152 154 156 158 159 160 163 166 171 177 182 190 193 203 
2 4 9 10 11 14 20 24 34 35 37 45 59 61 62 65 67 72 75 78 79 84 86 87 92 95 100 103 105 106 111 115 116 126 127 128 130 139 140 143 145 146 147 158 163 164 167 171 174 183 184 191 192 195 196 200 204 
1 2 7 19 31 33 66 105 113 136 146 152 158 159 176 178 183 197 200 202 
2 3 4 7 8 9 11 12 13 15 22 23 24 26 31 34 35 40 44 45 58 59 61 62 67 71 72 74 75 79 81 86 87 91 93 95 97 103 105 106 110 111 115 116 119 120 124 126 127 128 129 130 135 139 140 143 144 146 148 150 152 153 154 156 158 159 161 163 164 171 172 177 179 182 184 186 190 191 192 193 195 199 200 202 203 204 
4 8 9 11 13 14 15 20 21 35 45 61 62 72 75 79 86 87 91 103 108 111 116 119 127 128 130 139 145 148 156 157 158 163 164 167 171 172 180 182 183 184 191 192 195 197 203 204 
1 4 7 9 11 12 13 15 21 22 62 71 74 75 76 81 83 86 87 98 106 107 110 111 113 116 124 127 128 130 135 139 143 149 151 153 156 157 158 159 160 163 171 172 177 190 193 195 199 203 204 
1 2 4 7 8 9 11 12 13 20 22 24 31 35 37 45 61 62 65 66 71 72 74 75 81 86 87 91 92 105 106 111 113 115 116 118 120 127 128 130 135 139 143 152 156 163 164 166 171 172 173 182 184 188 190 191 195 199 202 203 204 
1 2 4 7 8 9 11 12 13 14 15 20 21 22 28 30 31 34 35 37 40 45 61 62 64 65 67 72 74 75 86 87 88 91 92 103 105 106 110 111 113 116 122 126 127 128 130 132 135 139 143 145 156 158 159 160 163 164 172 180 182 184 187 190 191 192 197 203 204 
1 2 4 8 9 11 13 24 30 35 37 45 62 65 71 74 75 76 79 86 87 88 91 92 105 106 111 113 116 127 128 130 132 135 139 143 156 163 164 167 171 172 173 177 184 188 190 191 197 204 
1 4 9 12 13 14 20 22 24 35 37 45 62 65 72 75 79 86 87 91 95 106 110 111 115 116 120 127 128 130 135 139 143 147 149 156 160 164 167 171 172 182 184 190 191 192 195 197 204 
1 4 6 8 11 12 13 14 20 24 30 35 37 45 53 61 62 65 72 74 75 79 86 87 91 92 95 99 106 110 111 116 120 122 127 128 130 131 132 135 138 139 143 145 158 161 163 164 171 172 174 184 190 191 192 195 196 198 204 
1 4 8 9 11 13 14 20 24 34 35 37 45 59 62 65 75 79 86 91 92 105 106 111 114 115 116 119 127 128 130 132 135 138 139 140 145 149 158 160 163 164 171 172 180 184 191 192 195 196 204 
1 2 4 7 8 9 11 12 13 15 20 21 22 26 31 34 35 45 48 59 61 62 65 67 71 72 74 75 79 81 86 87 91 92 94 95 97 98 105 106 108 110 111 116 117 119 120 124 127 128 130 132 135 139 143 145 147 148 153 154 156 157 158 159 163 164 166 167 169 170 171 172 180 181 182 184 190 191 192 193 195 197 199 203 204 
4 9 11 12 13 19 20 21 34 35 45 57 59 61 62 72 75 79 86 87 91 92 103 106 111 115 116 119 127 128 130 135 145 146 147 157 158 161 163 164 171 172 183 184 187 191 192 195 196 199 
4 8 9 11 12 14 19 20 34 35 40 45 57 59 61 62 64 65 72 75 79 86 87 91 105 106 110 111 116 119 127 128 130 138 139 140 143 145 146 147 148 151 153 156 157 163 164 171 172 183 184 191 192 195 196 199 200 204 
7 8 9 13 15 21 31 33 61 62 72 74 81 87 97 105 110 113 119 127 128 130 143 153 156 158 163 168 177 180 182 183 184 190 203 
4 7 8 9 10 11 12 14 21 22 26 31 39 62 71 72 74 77 79 81 86 87 100 105 110 118 119 127 130 132 135 143 154 156 158 160 166 167 169 171 172 177 180 181 187 190 193 199 204 
1 4 8 9 10 12 13 20 62 65 74 75 79 97 128 135 139 143 145 154 155 156 163 167 170 185 190 191 198 204 
1 7 8 11 13 14 15 20 62 64 72 74 76 87 110 111 116 127 130 141 143 163 164 166 172 175 180 182 184 191 192 197 203 
1 2 4 7 8 9 11 12 13 14 20 26 35 37 50 62 64 65 71 72 73 74 75 79 81 87 91 92 95 105 115 116 119 127 128 130 132 135 138 139 143 145 146 149 155 156 157 158 160 164 166 167 169 171 172 173 174 177 180 181 182 184 190 191 195 197 203 204 
1 2 4 7 9 11 12 14 20 35 45 59 62 65 75 79 84 86 87 91 92 100 103 105 106 111 115 116 119 127 128 130 133 135 139 145 148 150 158 161 163 164 169 171 172 180 183 184 185 191 192 195 199 200 204 
1 7 11 12 13 15 20 21 23 35 43 44 61 62 74 75 78 81 83 91 95 105 106 110 111 115 116 119 122 127 130 131 132 141 143 149 156 158 163 164 169 170 172 177 184 190 191 193 195 197 202 204 
2 7 9 11 12 13 15 20 35 62 66 72 74 75 81 86 87 91 94 95 103 105 106 111 115 116 119 124 127 128 130 131 135 139 158 161 163 164 169 171 177 181 184 190 191 192 195 197 199 204 
1 2 9 13 20 35 62 64 74 75 80 82 84 86 87 91 92 103 110 111 115 116 119 127 130 135 137 139 143 158 163 164 168 171 175 182 183 184 191 192 195 197 204 
2 4 8 9 11 13 15 20 21 22 24 35 45 59 62 72 74 75 79 84 86 87 91 92 95 96 103 105 106 108 110 111 115 116 127 128 130 132 135 139 140 141 143 145 146 147 156 157 158 163 164 171 172 183 184 190 191 192 195 199 202 203 204 
1 2 4 7 8 9 11 12 13 14 20 22 24 35 37 45 61 62 65 74 75 79 81 84 87 91 92 105 106 110 111 115 116 126 127 128 130 132 139 140 141 143 145 147 149 156 157 158 159 163 164 167 171 172 180 182 183 184 187 191 192 198 199 203 204 
1 2 4 9 11 12 14 20 24 34 35 45 57 59 61 62 65 72 75 79 81 86 87 91 92 95 103 105 106 111 115 116 119 120 127 128 130 135 138 139 143 145 146 150 157 158 163 164 167 171 172 180 184 190 191 192 195 199 202 204 
1 4 7 8 9 11 12 13 15 20 31 34 35 37 43 45 59 61 72 74 75 81 83 86 87 91 92 103 105 106 111 113 116 118 119 127 128 129 130 132 135 138 139 140 141 143 145 148 155 156 157 158 163 164 167 169 172 180 182 183 184 186 187 190 191 195 197 199 202 203 204 
1 4 7 9 11 12 13 14 20 35 37 45 61 62 65 72 75 79 86 87 91 105 106 111 115 116 119 127 128 130 132 135 138 139 143 145 151 153 157 158 160 164 169 171 172 177 182 183 184 190 191 195 197 204 
4 8 9 11 12 15 19 20 34 35 59 71 74 75 79 86 87 92 97 100 103 105 106 111 115 116 119 120 127 128 130 135 139 140 143 146 148 152 158 159 161 163 172 177 184 187 190 193 195 198 199 202 204 
4 8 9 11 12 15 19 20 34 35 40 45 51 59 62 72 74 75 79 83 86 87 91 92 93 95 103 105 116 119 121 127 128 130 132 133 135 139 140 143 144 146 148 152 153 154 156 158 163 164 171 172 180 181 184 186 187 191 192 193 195 199 200 202 204 
1 2 4 8 9 11 13 15 34 35 59 61 72 74 86 87 91 92 94 103 106 111 116 119 127 128 132 135 137 139 143 156 157 158 159 163 164 172 175 183 184 190 191 195 197 202 
4 8 9 12 14 15 19 22 24 26 30 31 34 35 37 40 45 51 59 62 72 74 75 79 86 87 91 92 103 105 106 110 111 116 119 127 128 130 132 135 139 143 146 148 153 154 156 158 167 171 172 173 177 180 184 190 191 192 193 195 199 201 202 203 204 
1 7 8 9 11 13 15 21 22 24 26 34 43 45 49 51 57 59 61 62 66 72 74 75 76 83 86 87 91 92 97 98 105 110 111 115 116 119 124 127 129 130 132 135 139 141 143 153 156 157 158 160 163 164 166 167 170 171 172 182 183 184 190 191 203 
2 4 9 13 15 20 22 31 34 35 40 45 62 72 74 86 87 91 92 103 106 111 113 116 119 127 128 130 145 146 156 175 183 191 199 200 203 
2 4 8 9 11 12 13 15 19 20 21 22 24 34 35 40 45 59 61 62 65 66 67 71 72 74 75 86 87 91 95 97 103 105 106 111 115 116 119 124 127 128 129 130 139 143 144 146 147 148 151 156 158 159 163 164 167 171 177 179 180 184 187 190 191 192 193 195 196 199 200 202 203 204 
1 2 4 8 9 11 12 13 14 20 24 34 35 45 59 61 62 65 67 74 75 79 86 91 92 103 105 106 111 115 116 127 128 130 132 139 143 144 145 146 156 158 160 163 164 167 171 172 182 183 184 190 191 192 195 196 197 204 
1 2 4 8 9 11 12 13 14 15 20 22 24 31 34 35 37 40 45 59 61 62 65 66 67 71 72 74 75 79 86 87 88 91 92 95 97 105 106 108 110 111 115 116 122 127 128 130 132 135 139 140 143 144 145 148 153 156 157 158 159 160 163 171 172 177 179 182 184 187 190 191 195 197 199 203 204 
1 2 4 8 9 11 12 13 15 20 21 22 23 24 34 35 37 45 59 61 62 65 67 72 74 75 78 79 86 87 91 92 95 99 100 105 106 108 110 111 116 117 119 122 126 127 128 130 138 139 140 143 144 145 146 148 149 150 153 156 157 158 163 164 171 172 173 177 179 180 182 184 187 190 191 192 195 196 197 199 204 
1 9 12 14 24 35 37 45 65 75 79 91 92 100 103 106 111 115 116 119 127 128 130 132 133 135 137 138 139 145 146 149 153 158 161 163 164 169 172 183 184 190 191 195 199 204 
12 20 30 35 45 62 65 75 78 79 84 115 116 120 130 132 135 137 138 143 149 150 161 163 172 183 195 204 
7 9 13 15 21 22 39 43 61 62 74 81 87 109 110 111 119 130 132 139 141 143 150 153 156 159 160 163 164 166 169 170 174 182 184 190 193 203 
2 4 7 9 12 13 14 15 20 22 24 34 35 37 45 60 61 62 65 67 72 74 75 78 79 84 86 87 91 92 97 103 105 106 110 111 113 115 116 119 120 122 127 128 130 132 133 135 138 139 140 145 146 151 158 159 163 164 166 167 171 173 175 182 183 184 190 191 192 194 195 196 197 199 200 203 
1 4 7 8 9 13 14 24 35 37 53 58 61 62 65 75 76 79 83 87 88 91 92 95 103 104 106 111 115 116 119 127 128 130 132 135 139 140 145 149 151 155 158 167 169 172 180 185 191 192 195 199 204 
4 7 9 20 30 35 37 65 75 84 116 130 133 135 139 167 172 183 188 195 199 204 
1 4 9 10 35 37 39 60 65 76 84 92 99 103 105 119 128 137 138 146 149 154 158 167 169 183 200 
2 4 7 9 11 12 13 22 24 34 35 39 45 60 62 65 72 75 79 84 87 91 92 95 98 103 116 119 120 122 128 135 138 139 140 145 150 151 160 163 164 167 169 172 183 190 198 199 203 204 
1 2 4 7 9 11 12 13 14 15 20 21 22 24 33 34 35 37 45 61 62 65 72 74 75 79 86 87 91 92 95 97 103 105 106 108 110 111 113 115 116 119 122 127 128 130 132 135 138 139 143 144 145 146 149 156 157 158 163 164 166 167 170 171 172 180 182 183 184 185 190 191 192 195 196 197 204 
2 4 7 8 9 11 13 15 20 21 22 31 33 34 35 43 45 47 53 59 61 62 64 65 67 72 74 75 79 81 87 91 92 103 105 108 110 111 115 116 126 127 128 130 138 139 141 144 145 147 156 157 158 163 164 171 172 180 182 184 187 191 192 195 196 203 204 
1 2 4 7 8 9 11 12 13 15 22 24 35 59 61 62 65 66 67 74 75 81 86 91 105 110 111 115 116 124 127 128 130 135 143 144 156 158 159 163 167 172 177 182 183 187 190 191 196 197 203 204 
1 4 7 8 9 13 15 21 22 23 33 34 61 62 65 72 74 75 81 83 86 87 91 98 110 111 127 128 130 132 139 141 143 156 157 160 163 172 182 184 190 195 196 201 203 
1 2 4 7 8 9 11 13 15 20 22 24 34 35 45 59 61 62 65 74 75 81 86 87 91 92 98 105 106 109 110 111 115 116 122 127 128 130 135 143 144 145 150 152 156 157 158 160 163 164 166 167 171 172 182 184 187 190 191 195 197 198 203 204 
1 7 8 9 13 14 15 20 35 59 62 64 65 72 74 75 87 91 92 105 111 116 119 122 127 130 139 143 145 147 156 163 164 172 180 182 183 191 192 196 197 201 204 
1 4 7 8 9 11 13 14 15 35 37 45 62 64 65 71 72 74 75 78 86 87 91 92 105 106 111 116 122 127 128 130 132 139 143 145 147 149 156 157 158 163 164 171 172 180 182 184 190 191 192 196 197 204 
4 7 8 9 13 15 20 21 22 35 45 59 62 72 75 87 91 92 103 105 106 111 115 116 119 127 128 130 133 139 145 146 148 150 157 158 159 160 164 171 172 180 182 183 184 191 192 200 202 204 
1 4 8 9 11 12 14 20 22 35 37 61 62 65 74 79 86 92 95 103 111 115 116 127 130 132 139 143 145 149 150 157 158 163 167 171 172 188 191 195 199 200 204 
2 4 7 8 9 11 12 14 20 30 35 37 45 62 65 86 91 92 103 105 111 116 119 127 128 130 139 145 149 152 153 158 160 163 164 167 172 183 191 202 204 
2 4 8 9 11 12 13 14 35 37 74 75 79 86 87 92 103 111 119 122 127 128 130 139 143 149 153 158 160 163 164 171 172 184 190 191 199 204 
1 4 8 9 12 13 14 15 20 30 35 37 62 65 72 74 86 91 92 111 115 116 127 128 130 132 139 140 143 145 149 156 157 158 160 164 172 180 182 184 187 190 191 192 195 196 197 202 203 204 
2 4 7 8 9 11 12 13 15 20 22 26 28 31 33 34 43 45 57 61 62 65 67 72 74 75 81 83 86 87 91 92 97 98 100 103 105 106 110 111 113 115 116 119 120 122 124 127 128 130 135 139 143 144 145 147 148 151 153 156 158 159 163 164 167 168 169 170 171 172 177 182 184 187 190 191 192 195 196 199 203 204 
1 2 4 8 9 10 11 12 14 15 20 34 35 37 45 58 61 62 65 66 74 75 79 86 88 91 92 95 105 106 111 115 116 118 127 128 130 132 135 139 140 143 145 149 153 156 157 158 160 163 164 167 171 172 179 180 187 188 191 192 196 197 198 199 202 204 
4 9 12 14 20 35 59 62 67 75 79 86 91 92 105 106 108 111 115 116 127 130 132 135 138 139 143 145 158 163 164 172 179 183 184 191 192 195 
1 8 9 11 20 34 35 45 62 64 75 86 91 92 103 106 111 115 116 127 130 145 157 158 163 164 171 172 183 191 196 203 204 
8 9 13 31 34 35 45 61 62 71 72 74 75 86 91 92 111 116 119 124 126 127 128 130 146 148 156 158 159 163 171 184 187 204 
8 9 13 22 31 62 71 72 74 87 91 97 127 130 139 143 144 152 156 158 159 163 172 173 182 203 
1 2 8 9 13 14 15 21 33 35 45 59 61 62 64 71 72 105 110 111 113 119 126 127 130 139 143 146 152 156 158 163 164 175 180 183 202 204 
4 8 11 13 15 21 31 34 40 45 59 61 71 72 74 75 81 86 87 91 92 97 103 105 106 108 110 111 113 116 119 124 127 128 130 143 146 148 151 156 158 159 163 164 167 171 173 177 182 187 190 195 196 200 203 204 
8 12 22 26 31 34 44 62 71 72 86 87 97 103 110 127 130 146 152 156 159 171 175 177 179 190 193 
2 3 4 8 9 11 13 14 15 20 21 22 26 31 33 34 35 40 45 48 57 59 61 62 66 74 75 79 86 87 92 97 103 105 106 108 110 111 113 116 119 126 127 130 139 143 146 148 152 156 158 159 163 164 171 172 175 177 179 182 184 187 190 191 192 195 200 202 204 
4 8 9 11 13 14 15 20 22 24 26 31 34 35 40 44 45 61 62 66 72 74 75 79 81 83 86 87 91 97 105 106 111 115 116 119 124 126 127 128 130 141 146 148 151 152 153 156 158 159 163 164 171 175 177 184 187 190 191 192 194 195 196 198 199 203 204 
1 4 8 9 11 12 13 14 15 19 20 31 34 35 62 66 67 71 72 74 75 79 86 87 91 97 103 105 111 116 119 127 128 130 132 139 143 146 152 155 157 158 159 161 163 172 175 177 180 190 196 204 
2 4 9 20 45 59 62 65 75 91 92 103 106 111 116 119 127 128 130 158 163 164 167 171 172 175 184 195 202 204 
2 4 8 9 13 14 15 20 22 26 31 34 35 40 45 57 59 61 62 71 72 74 75 86 87 91 92 97 103 105 106 111 115 116 119 124 126 127 130 139 144 146 148 152 156 158 159 161 164 171 172 175 177 179 182 184 186 187 190 191 192 195 196 199 200 202 204 
7 8 9 13 15 21 22 26 31 36 37 40 44 46 48 49 57 59 61 62 72 74 81 87 91 103 108 110 111 113 127 130 132 141 144 147 153 156 157 158 159 164 166 168 171 175 182 183 184 203 
4 8 9 11 12 13 15 20 22 31 34 35 40 44 45 61 62 66 72 74 75 79 86 87 91 92 97 103 106 111 116 119 127 128 130 144 146 151 152 156 158 159 163 164 171 175 177 179 190 193 196 
4 8 9 11 13 20 31 34 45 62 66 71 72 74 75 86 87 91 103 106 111 116 118 119 127 128 129 130 132 146 150 151 156 158 159 163 164 172 177 180 184 190 193 195 199 204 
2 4 8 9 20 22 26 31 33 37 40 46 59 62 64 71 72 74 81 91 92 97 105 111 113 119 122 127 130 143 144 146 152 156 158 164 173 177 182 183 187 200 204 
8 9 11 13 20 31 40 45 59 64 71 74 87 91 92 97 103 105 111 113 119 127 128 130 143 146 152 173 177 190 200 202 204 
4 7 8 11 12 13 21 22 26 62 65 66 67 71 74 75 81 92 98 105 110 124 127 132 143 156 158 160 163 164 167 170 172 175 183 190 193 195 200 
2 31 76 80 97 113 118 122 130 146 173 177 183 
7 11 12 13 14 15 21 23 61 66 74 79 87 94 95 98 105 110 119 129 132 140 143 156 157 158 160 163 167 168 169 172 174 190 193 195 197 203 
1 4 8 9 11 12 13 14 15 20 23 24 34 35 45 61 62 65 67 75 78 79 87 91 92 95 105 106 108 111 115 116 122 126 127 128 130 131 132 135 140 143 145 150 156 157 158 160 163 164 172 174 179 180 184 187 190 191 192 195 196 198 203 
3 4 9 11 14 22 31 40 45 59 71 74 87 91 92 105 106 113 119 127 130 139 143 146 152 154 158 163 177 199 204 
